0.00100000 1.00045358 0.00000023 122.78987013
0.00101000 0.99648034 -0.00075512 392.16441139
0.00102000 0.99698681 -0.00158797 390.17870485
0.00103000 0.99833140 -0.00202430 387.98109775
0.00104000 0.99756763 0.00205660 383.33515392
0.00105000 0.99637360 0.00148431 381.33605483
0.00106000 0.99574809 0.00063697 379.49584651
0.00107000 0.99553647 -0.00031085 377.71546386
0.00108000 1.00511942 -0.00439643 539.26624196
0.00109000 0.99644195 -0.00212589 374.14085646
0.00110000 0.99809088 -0.00246142 372.10847177
0.00111000 0.99703094 0.00255129 367.72279977
0.00112000 0.99564864 0.00198930 365.90482783
0.00113000 0.99485097 0.00111784 364.23304306
0.00114000 0.99446150 0.00012004 362.62259826
0.00115000 0.99444681 -0.00092417 361.03819754
0.00116000 0.99484246 -0.00194141 359.45075035
0.00117000 0.99577934 -0.00280336 357.81366408
0.00118000 0.99776800 -0.00300682 355.94803734
0.00119000 0.99639357 0.00319156 351.81340264
0.00120000 0.99478220 0.00266266 350.16713255
0.00121000 0.99378146 0.00178421 348.65691174
0.00122000 0.99318561 0.00074543 347.20488411
0.00123000 1.65556276 0.20077436 -4244.32537532
0.00124000 0.99305795 -0.00149607 344.37980348
0.00125000 0.99357128 -0.00258076 342.96674380
0.00126000 0.99460974 -0.00350189 341.51297954
0.00127000 0.99656566 -0.00388008 339.91151849
0.00128000 0.99624161 0.00399798 335.95596398
0.00129000 0.99411448 0.00371960 334.41660850
0.00130000 1.00058401 -0.00000017 107.94128892
0.00131000 0.99182884 0.00189063 331.72651534
0.00132000 1.00709965 -0.00152143 477.77038765
0.00133000 0.99101917 -0.00045381 329.20346548
0.00134000 0.99109939 -0.00167692 327.96427562
0.00135000 0.99153665 -0.00287037 326.72418500
0.00136000 0.99240792 -0.00395834 325.46595218
0.00137000 1.00060460 -0.00000010 100.91332132
0.00138000 0.99661517 -0.00466603 322.63912015
0.00139000 0.99476687 0.00510689 318.96397900
0.00140000 0.99252442 0.00476551 317.63212338
0.00141000 1.00072325 0.00001075 120.99505789
0.00142000 1.00062819 0.00000008 100.08104754
0.00143000 0.98909156 0.00170257 314.13430247
0.00144000 1.00472052 -0.00030479 459.93533527
0.00145000 0.98843539 -0.00087245 311.94451448
0.00146000 0.98854826 -0.00219378 310.86452770
0.00147000 1.01188463 -0.01160826 423.04991620
0.00148000 0.98980132 -0.00469981 308.69611658
0.00149000 0.99110460 -0.00573013 307.58086848
0.00150000 0.99314505 -0.00633862 306.39805055
0.00151000 0.99710420 -0.00513047 304.90420655
0.00152000 1.01101223 -0.00477808 425.25335039
0.00153000 0.99050008 0.00621504 300.44440047
0.00154000 0.98873285 0.00538856 299.38371038
0.00155000 0.95406646 0.00959365 494.31444565
0.00156000 0.98637049 0.00311406 297.38467453
0.00157000 0.98563739 0.00180542 296.42086991
0.00158000 0.98516763 0.00043159 295.47216719
0.00159000 0.98495484 -0.00098121 294.53416950
0.00160000 0.98500417 -0.00240833 293.60299444
0.00161000 0.98533334 -0.00382225 292.67464304
0.00162000 0.98597433 -0.00518777 291.74426635
0.00163000 0.98698183 -0.00645299 290.80497734
0.00164000 0.98845339 -0.00752808 289.84504382
0.00165000 0.99058977 -0.00821853 288.83902828
0.00166000 0.99400827 -0.00784184 287.69641082
0.00167000 0.99263354 0.00834373 284.42861895
0.00168000 0.98938011 0.00853470 283.36988371
0.00169000 0.56191539 -0.21789273 973.94984315
0.00170000 0.98516470 0.00705519 281.52060975
0.00171000 0.98367816 0.00593297 280.65344988
0.00172000 0.98248860 0.00466993 279.80859332
0.00173000 0.98155775 0.00330612 278.98042507
0.00174000 0.98086427 0.00186914 278.16518995
0.00175000 0.98039742 0.00038024 277.36007146
0.00176000 0.98015437 -0.00114210 276.56274646
0.00177000 0.98013896 -0.00268006 275.77109983
0.00178000 0.98036188 -0.00421447 274.98299091
0.00179000 0.98084148 -0.00572264 274.19602832
0.00180000 0.61473372 -0.05717803 643.56053584
0.00181000 0.98270110 -0.00853047 272.61251009
0.00182000 0.98419636 -0.00972251 271.80540586
0.00183000 0.98621729 -0.01063128 270.97419596
0.00184000 1.95107434 0.39083138 930.38484926
0.00185000 0.99359321 -0.00961348 269.04148921
0.00186000 0.98986162 0.01113681 266.03164962
0.00187000 0.98632434 0.01140251 265.14223434
0.00188000 0.98362186 0.01093722 264.33196084
0.00189000 0.98142168 0.01010264 263.56284745
0.00190000 0.97958645 0.00903636 262.82037029
0.00191000 -1.96311952 0.26877665 4572.27733554
0.00192000 0.97675141 0.00646042 261.38868633
0.00193000 0.97568223 0.00502057 260.69212178
0.00194000 0.97481961 0.00350923 260.00531747
0.00195000 0.97415341 0.00194261 259.32664273
0.00196000 0.97367840 0.00033448 258.65475495
0.00197000 0.97339337 -0.00130249 257.98848420
0.00198000 0.97330085 -0.00295595 257.32673620
0.00199000 0.97340686 -0.00461292 256.66842870
0.00200000 0.97372235 -0.00626037 256.01230125
0.00201000 1.07716960 0.03733527 -559.79450266
0.00202000 0.97504049 -0.00944626 254.70182740
0.00203000 0.97609490 -0.01093828 254.04367260
0.00204000 0.97746418 -0.01231385 253.38012435
0.00205000 0.97921155 -0.01351295 252.70690840
0.00206000 0.98144030 -0.01443385 252.01673728
0.00207000 0.98434451 -0.01487280 251.29486650
0.00208000 0.98840953 -0.01426656 250.49993269
0.00209000 0.98997413 0.01372540 247.64322558
0.00210000 0.98497375 0.01532922 246.81333980
0.00211000 0.98134254 0.01549814 246.09606003
0.00212000 0.97839173 0.01507097 245.42680529
0.00213000 1.00093563 -0.00000003 82.77608697
0.00214000 0.97373512 0.01328805 244.16576346
0.00215000 1.00096041 -0.00000030 86.39007807
0.00216000 0.97020799 0.01079816 242.96665882
0.00217000 0.96877099 0.00938292 242.38293973
0.00218000 0.96752371 0.00788273 241.80756071
0.00219000 0.96645292 0.00631268 241.23936702
0.00220000 1.33935289 -0.22488877 1740.14776617
0.00221000 0.96480726 0.00301002 240.12101662
0.00222000 0.96422260 0.00129696 239.56944392
0.00223000 0.96379403 -0.00044568 239.02214018
0.00224000 0.96352186 -0.00220969 238.47856518
0.00225000 1.00100121 -0.00000007 83.86027333
0.00226000 0.28617903 -0.36907970 481.66057318
0.00227000 0.96367389 -0.00754543 236.86502832
0.00228000 0.96406711 -0.00930720 236.33111049
0.00229000 0.96464714 -0.01104181 235.79813716
0.00230000 0.96542774 -0.01273489 235.26535910
0.00231000 0.96642686 -0.01436870 234.73186715
0.00232000 0.96766803 -0.01592051 234.19650675
0.00233000 0.96918304 -0.01735986 233.65774109
0.00234000 0.97101615 -0.01864384 233.11339875
0.00235000 0.97323219 -0.01970782 232.56019317
0.00236000 0.97593396 -0.02044499 231.99264199
0.00237000 0.97930596 -0.02065187 231.40017508
0.00238000 0.98376681 -0.01982666 230.75636608
0.00239000 0.99126916 -0.01525366 229.91571139
0.00240000 0.98183336 0.02071846 227.39076786
0.00241000 1.00109090 0.00000015 84.46868291
0.00242000 0.97366040 0.02162448 226.21761516
0.00243000 1.00108472 0.00000066 81.84699225
0.00244000 0.96773194 0.02050654 225.16246626
0.00245000 0.96526026 0.01957365 224.65774116
0.00246000 0.96303911 0.01847028 224.16384530
0.00247000 1.00111237 0.00000017 82.75809242
0.00248000 1.00108797 0.00000002 77.33033279
0.00249000 -1.09109705 0.09856048 343.17673197
0.00250000 1.09688862 0.04946325 280.91679111
0.00251000 0.95475953 0.01131171 221.80557513
0.00252000 0.95356513 0.00965713 221.35029147
0.00253000 0.95250493 0.00795081 220.89922890
0.00254000 1.06803468 0.01066062 285.75085621
0.00255000 0.95077041 0.00441046 220.00836999
0.00256000 1.00112345 -0.00000007 76.40844769
0.00257000 0.94953265 0.00073738 219.13050809
0.00258000 0.94909726 -0.00113586 218.69579874
0.00259000 0.94878500 -0.00302593 218.26361660
0.00260000 0.94859675 -0.00492819 217.83372014
0.00261000 0.94853452 -0.00683737 217.40588753
0.00262000 1.00114982 0.00000001 75.69160673
0.00263000 1.00120390 0.00000033 82.98930071
0.00264000 1.20880601 0.04717236 1451.30086139
0.00265000 0.94961628 -0.01442591 215.71055157
0.00266000 0.95024594 -0.01627664 215.28942942
0.00267000 0.95103435 -0.01809193 214.86878576
0.00268000 0.95199202 -0.01986095 214.44824153
0.00269000 0.95313181 -0.02157075 214.02734912
0.00270000 1.38706139 0.09386041 392.98280926
0.00271000 0.95602555 -0.02474551 213.18220454
0.00272000 0.95782514 -0.02616515 212.75639178
0.00273000 0.95990229 -0.02743029 212.32694101
0.00274000 0.96230321 -0.02849317 211.89218425
0.00275000 0.96509441 -0.02928289 211.44962331
0.00276000 0.96837868 -0.02968530 210.99519077
0.00277000 0.97233365 -0.02949260 210.52139272
0.00278000 0.97733218 -0.02823760 210.01117063
0.00279000 0.98462555 -0.02418471 209.40026036
0.00280000 0.97707775 0.02865680 206.96412719
0.00281000 0.97160974 0.03044366 206.46168182
0.00282000 -1.57240477 0.35134449 768.55180905
0.00283000 0.96319643 0.03133243 205.56291090
0.00284000 3.29002971 0.10862452 649.23478297
0.00285000 0.95657348 0.03056270 204.73191283
0.00286000 1.18722773 0.01576271 251.75823616
0.00287000 0.95105566 0.02889673 203.93930515
0.00288000 0.94861061 0.02783192 203.55336215
0.00289000 0.94634199 0.02664533 203.17305393
0.00290000 0.94423236 0.02535418 202.79771228
0.00291000 1.00129620 -0.00000029 75.37775906
0.00292000 -1.90131035 0.08717999 538.42329494
0.00293000 1.00129515 0.00000011 73.73781011
0.00294000 1.00130205 0.00000011 73.99587952
0.00295000 0.93567185 0.01772458 200.98020132
0.00296000 0.93430440 0.01601863 200.62643048
0.00297000 0.93304000 0.01426602 200.27539568
0.00298000 0.93187529 0.01247118 199.92693321
0.00299000 0.93080752 0.01063814 199.58089487
0.00300000 -0.39975081 0.88079634 315.37652643
0.00301000 -0.50725426 0.34519495 494.48404325
0.00302000 2.19419627 0.04881475 440.84112109
0.00303000 -1.03748078 -0.17622143 335.41597044
0.00304000 0.92686059 0.00102158 197.88277923
0.00305000 0.92634282 -0.00096997 197.54883044
0.00306000 0.92591494 -0.00297735 197.21655244
0.00307000 0.92557731 -0.00499764 196.88585807
0.00308000 0.92533059 -0.00702789 196.55666179
0.00309000 1.00135772 -0.00000002 70.86702002
0.00310000 1.00137567 -0.00000011 72.75204097
0.00311000 -1.15491013 -0.00966644 261.26097781
0.00312000 -0.91796359 -0.27785437 267.85647296
0.00313000 0.92550538 -0.01721942 194.93017897
0.00314000 0.92583565 -0.01924189 194.60816752
0.00315000 0.92627065 -0.02125008 194.28703089
0.00316000 0.92681399 -0.02323954 193.96666488
0.00317000 0.92746979 -0.02520536 193.64695560
0.00318000 0.92824281 -0.02714213 193.32778032
0.00319000 0.92913852 -0.02904379 193.00900264
0.00320000 0.93016328 -0.03090352 192.69046974
0.00321000 -1.01238567 -0.20317210 281.69514269
0.00322000 0.93263018 -0.03446506 192.05342715
0.00323000 0.93409094 -0.03614747 191.73448773
0.00324000 0.93571853 -0.03774845 191.41491827
0.00325000 0.93752720 -0.03925315 191.09438831
0.00326000 0.93953434 -0.04064333 190.77249068
0.00327000 0.94176151 -0.04189615 190.44871110
0.00328000 0.94423603 -0.04298221 190.12238312
0.00329000 0.94699347 -0.04386247 189.79261304
0.00330000 0.95008189 -0.04448288 189.45815243
0.00331000 1.00144774 -0.00000001 67.88650238
0.00332000 0.95755863 -0.04458395 188.76672048
0.00333000 0.96222172 -0.04372534 188.40168877
0.00334000 0.96789624 -0.04174149 188.01127834
0.00335000 0.97776724 0.03551051 185.74276356
0.00336000 0.96901020 0.04153401 185.27076839
0.00337000 0.96256886 0.04446712 184.87739744
0.00338000 0.95717959 0.04614810 184.51636253
0.00339000 0.95244903 0.04710510 184.17432904
0.00340000 1.16658736 -0.01319717 225.48658569
0.00341000 0.94429261 0.04769170 183.52588664
0.00342000 1.00149651 0.00000008 67.04763316
0.00343000 0.93733088 0.04715346 182.90856236
0.00344000 0.93418334 0.04659151 182.60828618
0.00345000 0.93122016 0.04587508 182.31256097
0.00346000 0.92842093 0.04502550 182.02084012
0.00347000 0.92576940 0.04405951 181.73269502
0.00348000 1.09207327 -0.05886806 408.87114583
